1011
1030
1031
1045
1071
1129
1132
1137
1148
1155
1163
1187
1263
1292
13
1302
1381
1386
1388
1390
1417
1422
1427
1455
1463
148
1554
157
1584
1593
163
1638
1641
1642
1650
1689
1734
175
1793
1813
1839
1865
1874
1916
1957
1978
1990
2074
2079
2080
2098
2118
2165
217
2199
2289
2305
2333
2407
2414
2439
2462
2473
2489
2507
2564
2612
2624
2663
2679
2703
2750
2756
2774
2841
2887
2899
291
2910
2927
2946
299
2994
3016
3028
3052
3089
3103
3120
3263
3349
3372
34
3409
3429
344
3476
3508
3551
3554
3578
3626
3630
364
3647
3661
3720
3728
3751
3753
3775
3779
3828
388
3891
3994
401
4052
4068
4074
4084
4088
4132
4167
4182
4183
4233
4237
4240
4266
4307
435
4375
4394
4460
4492
4527
4542
4574
4576
4584
4591
4669
4676
4690
4704
4715
4717
4825
4864
487
4896
4899
490
495
4966
4988
5064
5069
511
5123
5148
5154
516
5162
5205
5210
5226
5230
5294
5296
5300
5310
5325
5339
534
5366
5390
5396
5426
5450
5477
5483
5544
5671
5711
5739
5761
577
5785
5869
5975
6000
6023
6062
6065
6068
6107
611
6120
625
6275
6279
6322
635
6373
6374
6394
6407
6409
6413
6456
6510
6526
6565
6611
6630
6637
6682
669
6704
6708
6838
6863
6875
6916
6921
6928
6939
6948
6975
6992
6993
7012
705
7059
7063
7079
7088
7093
7094
7097
7160
7169
7188
7193
7196
7209
721
7210
7234
728
7284
7301
7320
7351
7443
7444
746
7475
7497
7513
7574
758
7599
7646
7672
7673
770
7722
7729
7740
7752
7808
7834
7845
7875
7923
7961
7998
8038
8049
8073
8111
8154
8160
8161
8201
8248
8280
849
859
886
909
928
93
938
940
946
956
991
992
