1902
7279
131
6006
7307
3660
2173
1203
7449
4222
519
3456
3752
3045
4431
8015
4507
2580
6157
6133
8089
847
7440
5832
296
3137
5017
5973
5121
1897
430
5837
218
3937
2791
179
618
3861
8181
7346
5727
6727
2268
7698
1690
2734
6869
2505
1293
1432
5320
7843
4250
5663
772
937
7800
4371
4568
7028
7372
2884
3814
6596
6647
762
1680
4553
6104
2649
2294
1769
5100
501
4836
6423
5709
7197
2459
5337
564
4943
3177
4876
7635
4929
4639
7814
4875
4241
7350
2312
320
6077
5716
7445
5255
6404
133
5232
2261
6926
4733
3366
4885
6252
6697
6414
1296
4369
4186
967
8170
1624
5480
3230
1969
4789
7078
3902
541
2796
4019
3467
5740
3645
824
7107
8003
3294
6123
4587
81
6345
7124
7889
1028
5305
2629
6941
4530
3565
666
3580
6528
3229
5421
7539
802
3623
2855
461
6835
3917
449
6281
1487
108
2494
5021
3300
2072
3894
2250
5169
2577
317
4468
4435
3783
5460
1272
6657
2607
6426
5087
1738
327
7031
6196
4126
377
235
4841
839
3441
1170
4379
6622
2694
2213
7423
1749
885
4354
4153
7748
1202
1462
2821
8078
5647
6640
5801
3365
4200
5554
3879
1440
366
199
5474
4267
5244
2749
4050
7244
2827
3364
7654
888
4782
6825
4674
1535
1977
2363
873
4502
1214
4190
7164
2651
249
381
7861
7987
6621
3488
2331
1791
5053
1259
1590
3430
1130
2166
7495
7737
4319
4194
2675
6064
3469
